窓の熱貫流率と遮蔽係数（単板ガラス・ブラインド室内側）
106
1,10,6.3,0.015,0.985,4.5,0.255,0.249,4.5,0.357,0.227,4.5,0.441,0.219
2,10,6.3,0.026,0.947,4.5,0.259,0.242,4.5,0.355,0.222,4.5,0.434,0.214
3,10,6.3,0.029,0.936,4.5,0.261,0.240,4.5,0.355,0.219,4.5,0.433,0.211
4,10,6.3,0.040,0.903,4.5,0.265,0.234,4.5,0.354,0.215,4.5,0.427,0.207
5,10,6.3,0.049,0.870,4.5,0.270,0.227,4.5,0.353,0.209,4.5,0.423,0.201
6,10,6.3,0.058,0.840,4.5,0.273,0.223,4.5,0.352,0.205,4.5,0.417,0.198
7,10,6.3,0.069,0.810,4.5,0.279,0.217,4.5,0.353,0.200,4.5,0.414,0.193
8,10,6.3,0.079,0.784,4.5,0.285,0.214,4.5,0.355,0.197,4.5,0.413,0.190
9,10,6.3,0.045,0.873,4.5,0.264,0.229,4.5,0.349,0.209,4.5,0.419,0.201
10,10,6.3,0.059,0.829,4.5,0.271,0.219,4.5,0.347,0.202,4.5,0.413,0.194
11,10,6.3,0.079,0.741,4.5,0.270,0.201,4.5,0.334,0.185,4.5,0.386,0.178
12,10,6.3,0.099,0.674,4.5,0.273,0.187,4.5,0.328,0.174,4.5,0.373,0.167
13,10,6.3,0.117,0.617,4.5,0.277,0.176,4.5,0.322,0.163,4.5,0.361,0.158
14,10,6.3,0.131,0.570,4.5,0.279,0.167,4.5,0.319,0.155,4.5,0.351,0.151
15,10,6.3,0.153,0.510,4.5,0.282,0.154,4.5,0.314,0.145,4.5,0.341,0.141
16,10,6.3,0.099,0.663,4.5,0.270,0.185,4.5,0.322,0.171,4.5,0.367,0.165
17,10,6.3,0.120,0.592,4.5,0.272,0.170,4.5,0.315,0.158,4.5,0.351,0.153
18,10,6.3,0.139,0.530,4.5,0.273,0.158,4.5,0.309,0.147,4.5,0.337,0.143
19,10,6.3,0.154,0.483,4.5,0.275,0.147,4.5,0.304,0.139,4.5,0.328,0.135
20,10,6.3,0.177,0.419,4.5,0.277,0.135,4.5,0.298,0.128,4.5,0.315,0.125
21,10,6.3,0.079,0.746,4.5,0.270,0.202,4.5,0.335,0.186,4.5,0.389,0.179
22,10,6.3,0.097,0.681,4.5,0.274,0.189,4.5,0.329,0.175,4.5,0.375,0.168
23,10,6.3,0.114,0.625,4.5,0.275,0.178,4.5,0.323,0.166,4.5,0.362,0.160
24,10,6.3,0.130,0.577,4.5,0.279,0.168,4.5,0.320,0.157,4.5,0.353,0.152
25,10,6.3,0.151,0.517,4.5,0.282,0.157,4.5,0.315,0.146,4.5,0.343,0.142
26,10,6.3,0.115,0.602,4.5,0.269,0.171,4.5,0.314,0.159,4.5,0.351,0.154
27,10,6.3,0.138,0.526,4.5,0.270,0.155,4.5,0.305,0.145,4.5,0.334,0.141
28,10,6.3,0.157,0.464,4.5,0.270,0.143,4.5,0.297,0.135,4.5,0.320,0.130
29,10,6.3,0.171,0.419,4.5,0.271,0.134,4.5,0.293,0.127,4.5,0.310,0.123
30,10,6.3,0.193,0.361,4.5,0.273,0.121,4.5,0.287,0.117,4.5,0.298,0.114
31,10,6.3,0.113,0.608,4.5,0.269,0.173,4.5,0.314,0.160,4.5,0.352,0.154
32,10,6.3,0.131,0.544,4.5,0.270,0.160,4.5,0.307,0.149,4.5,0.338,0.144
33,10,6.3,0.147,0.497,4.5,0.272,0.150,4.5,0.303,0.141,4.5,0.329,0.136
34,10,6.3,0.161,0.461,4.5,0.273,0.143,4.5,0.299,0.135,4.5,0.322,0.130
35,10,6.3,0.082,0.728,4.5,0.271,0.198,4.5,0.331,0.183,4.5,0.383,0.176
36,10,6.3,0.101,0.665,4.5,0.272,0.186,4.5,0.326,0.173,4.5,0.370,0.166
37,10,6.3,0.115,0.618,4.5,0.275,0.177,4.5,0.322,0.165,4.5,0.361,0.158
38,10,6.3,0.131,0.571,4.5,0.279,0.167,4.5,0.318,0.157,4.5,0.352,0.151
39,10,6.3,0.029,0.783,4.5,0.230,0.225,4.5,0.309,0.200,4.5,0.371,0.186
40,10,6.3,0.039,0.759,4.5,0.234,0.221,4.5,0.309,0.197,4.5,0.369,0.183
41,10,6.3,0.047,0.737,4.5,0.239,0.216,4.5,0.310,0.192,4.5,0.367,0.179
42,10,6.3,0.055,0.717,4.5,0.243,0.211,4.5,0.311,0.189,4.5,0.365,0.176
43,10,6.3,0.087,0.622,4.5,0.249,0.191,4.5,0.301,0.171,4.5,0.343,0.160
44,10,6.3,0.109,0.574,4.5,0.256,0.181,4.5,0.301,0.162,4.5,0.337,0.152
45,10,6.3,0.127,0.531,4.5,0.262,0.170,4.5,0.301,0.154,4.5,0.331,0.145
46,10,6.3,0.142,0.496,4.5,0.266,0.162,4.5,0.299,0.149,4.5,0.327,0.139
47,10,6.3,0.111,0.562,4.5,0.255,0.176,4.5,0.298,0.159,4.5,0.331,0.150
48,10,6.3,0.131,0.510,4.5,0.259,0.163,4.5,0.296,0.149,4.5,0.323,0.141
49,10,6.3,0.151,0.463,4.5,0.264,0.152,4.5,0.294,0.139,4.5,0.317,0.133
50,10,6.3,0.166,0.429,4.5,0.267,0.144,4.5,0.291,0.134,4.5,0.312,0.127
51,10,6.3,0.085,0.642,4.5,0.250,0.194,4.5,0.306,0.174,4.5,0.349,0.163
52,10,6.3,0.105,0.591,4.5,0.258,0.182,4.5,0.304,0.165,4.5,0.342,0.155
53,10,6.3,0.122,0.547,4.5,0.263,0.173,4.5,0.304,0.157,4.5,0.336,0.147
54,10,6.3,0.138,0.511,4.5,0.269,0.163,4.5,0.303,0.150,4.5,0.331,0.142
55,10,6.3,0.126,0.515,4.5,0.256,0.163,4.5,0.293,0.149,4.5,0.321,0.141
56,10,6.3,0.149,0.457,4.5,0.259,0.150,4.5,0.288,0.138,4.5,0.310,0.131
57,10,6.3,0.166,0.411,4.5,0.263,0.138,4.5,0.285,0.129,4.5,0.303,0.123
58,10,6.3,0.181,0.377,4.5,0.265,0.130,4.5,0.283,0.122,4.5,0.297,0.118
59,10,6.3,0.119,0.511,4.5,0.248,0.161,4.5,0.286,0.146,4.5,0.314,0.138
60,10,6.3,0.139,0.459,4.5,0.253,0.149,4.5,0.282,0.136,4.5,0.306,0.129
61,10,6.3,0.154,0.423,4.5,0.256,0.139,4.5,0.281,0.129,4.5,0.301,0.123
62,10,6.3,0.167,0.395,4.5,0.259,0.134,4.5,0.280,0.125,4.5,0.297,0.119
63,10,6.3,0.089,0.592,4.5,0.243,0.183,4.5,0.291,0.165,4.5,0.331,0.153
64,10,6.3,0.109,0.544,4.5,0.249,0.171,4.5,0.290,0.155,4.5,0.323,0.145
65,10,6.3,0.123,0.509,4.5,0.254,0.163,4.5,0.290,0.149,4.5,0.319,0.139
66,10,6.3,0.139,0.473,4.5,0.258,0.155,4.5,0.290,0.142,4.5,0.314,0.134
67,11,6.0,0.133,0.493,4.4,0.253,0.163,4.4,0.288,0.149,4.4,0.317,0.139
68,11,6.0,0.138,0.483,4.4,0.256,0.161,4.4,0.291,0.146,4.4,0.318,0.138
69,11,6.0,0.145,0.474,4.4,0.259,0.160,4.4,0.293,0.146,4.4,0.319,0.137
70,11,6.0,0.151,0.467,4.4,0.263,0.159,4.4,0.295,0.145,4.4,0.320,0.137
71,12,5.8,0.139,0.367,4.3,0.221,0.129,4.3,0.245,0.118,4.3,0.264,0.111
72,12,5.8,0.146,0.362,4.3,0.226,0.128,4.3,0.249,0.118,4.3,0.267,0.111
73,12,5.8,0.153,0.359,4.3,0.231,0.128,4.3,0.254,0.118,4.3,0.271,0.112
74,12,5.8,0.160,0.355,4.3,0.237,0.128,4.3,0.258,0.118,4.3,0.274,0.112
75,13,6.0,0.131,0.425,4.4,0.232,0.141,4.4,0.262,0.129,4.4,0.285,0.122
76,13,6.0,0.138,0.419,4.4,0.238,0.139,4.4,0.265,0.128,4.4,0.287,0.122
77,13,6.0,0.145,0.413,4.4,0.242,0.138,4.4,0.269,0.128,4.4,0.290,0.121
78,13,6.0,0.151,0.408,4.4,0.246,0.138,4.4,0.272,0.128,4.4,0.293,0.121
79,14,5.9,0.142,0.434,4.3,0.241,0.144,4.3,0.272,0.133,4.3,0.296,0.126
80,14,5.9,0.147,0.426,4.3,0.246,0.143,4.3,0.274,0.131,4.3,0.297,0.126
81,14,5.9,0.154,0.419,4.3,0.249,0.142,4.3,0.277,0.131,4.3,0.299,0.125
82,14,5.9,0.160,0.413,4.3,0.254,0.141,4.3,0.280,0.130,4.3,0.301,0.125
83,15,5.5,0.131,0.337,4.1,0.201,0.117,4.1,0.226,0.107,4.1,0.245,0.103
84,15,5.5,0.139,0.331,4.1,0.207,0.117,4.1,0.231,0.107,4.1,0.249,0.103
85,15,5.5,0.147,0.326,4.1,0.213,0.115,4.1,0.234,0.107,4.1,0.251,0.103
86,15,5.5,0.157,0.320,4.1,0.217,0.115,4.1,0.239,0.107,4.1,0.255,0.103
87,16,5.5,0.150,0.270,4.1,0.197,0.104,4.1,0.213,0.096,4.1,0.226,0.090
88,16,5.5,0.158,0.267,4.1,0.202,0.104,4.1,0.218,0.096,4.1,0.231,0.091
89,16,5.5,0.165,0.265,4.1,0.208,0.104,4.1,0.223,0.097,4.1,0.234,0.093
90,16,5.5,0.173,0.264,4.1,0.214,0.105,4.1,0.229,0.097,4.1,0.239,0.094
91,17,5.5,0.150,0.225,4.1,0.183,0.090,4.1,0.195,0.083,4.1,0.205,0.080
92,17,5.5,0.159,0.224,4.1,0.190,0.091,4.1,0.201,0.085,4.1,0.210,0.081
93,17,5.5,0.167,0.224,4.1,0.197,0.091,4.1,0.208,0.086,4.1,0.216,0.082
94,17,5.5,0.174,0.225,4.1,0.201,0.094,4.1,0.214,0.087,4.1,0.222,0.083
95,18,5.1,0.144,0.149,3.8,0.150,0.067,3.8,0.158,0.063,3.8,0.163,0.061
96,18,5.1,0.154,0.150,3.8,0.158,0.069,3.8,0.166,0.065,3.8,0.170,0.063
97,18,5.1,0.165,0.150,3.8,0.165,0.071,3.8,0.173,0.066,3.8,0.178,0.064
98,18,5.1,0.174,0.151,3.8,0.173,0.072,3.8,0.179,0.069,3.8,0.184,0.066
99,10,6.3,0.062,0.763,4.5,0.257,0.216,4.5,0.327,0.195,4.5,0.385,0.184
100,10,6.3,0.071,0.737,4.5,0.262,0.210,4.5,0.327,0.191,4.5,0.382,0.181
101,10,6.3,0.080,0.713,4.5,0.265,0.206,4.5,0.328,0.186,4.5,0.378,0.177
102,10,6.3,0.089,0.690,4.5,0.270,0.201,4.5,0.328,0.183,4.5,0.376,0.174
103,10,6.3,0.081,0.654,4.5,0.250,0.195,4.5,0.306,0.176,4.5,0.352,0.165
104,10,6.3,0.090,0.634,4.5,0.255,0.191,4.5,0.307,0.173,4.5,0.351,0.162
105,10,6.3,0.099,0.615,4.5,0.259,0.187,4.5,0.310,0.169,4.5,0.349,0.160
106,10,6.3,0.107,0.598,4.5,0.263,0.184,4.5,0.310,0.167,4.5,0.349,0.157
窓の熱貫流率、遮蔽係数（複層ガラス・ブラインド室内側、中空層厚さ6mm）
186
1,20,3.5,0.032,0.859,2.9,0.282,0.248,2.9,0.374,0.226,2.9,0.449,0.216
2,20,3.5,0.050,0.798,2.9,0.290,0.233,2.9,0.371,0.214,2.9,0.437,0.205
3,20,3.5,0.056,0.779,2.9,0.293,0.230,2.9,0.369,0.210,2.9,0.432,0.201
4,20,3.5,0.073,0.728,2.9,0.297,0.218,2.9,0.365,0.201,2.9,0.422,0.192
5,20,3.5,0.086,0.679,2.9,0.299,0.207,2.9,0.360,0.191,2.9,0.409,0.183
6,20,3.5,0.098,0.635,2.9,0.302,0.197,2.9,0.354,0.183,2.9,0.399,0.175
7,20,3.5,0.110,0.593,2.9,0.303,0.187,2.9,0.350,0.174,2.9,0.387,0.168
8,20,3.5,0.121,0.557,2.9,0.304,0.179,2.9,0.346,0.167,2.9,0.379,0.161
9,30,2.4,0.046,0.757,2.1,0.294,0.238,2.1,0.371,0.216,2.1,0.434,0.205
10,30,2.4,0.071,0.679,2.1,0.302,0.217,2.1,0.366,0.199,2.1,0.416,0.190
11,30,2.4,0.079,0.656,2.1,0.303,0.211,2.1,0.363,0.194,2.1,0.411,0.185
12,30,2.4,0.096,0.597,2.1,0.306,0.195,2.1,0.357,0.181,2.1,0.397,0.173
13,30,2.4,0.111,0.539,2.1,0.304,0.182,2.1,0.346,0.168,2.1,0.379,0.161
14,30,2.4,0.122,0.493,2.1,0.302,0.169,2.1,0.336,0.158,2.1,0.365,0.152
15,30,2.4,0.133,0.448,2.1,0.297,0.158,2.1,0.327,0.147,2.1,0.349,0.143
16,30,2.4,0.141,0.410,2.1,0.294,0.147,2.1,0.318,0.139,2.1,0.336,0.135
17,20,3.5,0.063,0.723,2.9,0.283,0.215,2.9,0.353,0.198,2.9,0.409,0.190
18,20,3.5,0.089,0.643,2.9,0.291,0.198,2.9,0.347,0.183,2.9,0.394,0.175
19,40,3.5,0.077,0.602,2.9,0.262,0.184,2.9,0.317,0.169,2.9,0.361,0.162
20,40,3.5,0.091,0.528,2.9,0.257,0.165,2.9,0.301,0.153,2.9,0.336,0.147
21,40,3.5,0.104,0.464,2.9,0.250,0.149,2.9,0.286,0.138,2.9,0.314,0.134
22,40,3.5,0.113,0.413,2.9,0.243,0.136,2.9,0.273,0.127,2.9,0.296,0.123
23,40,3.5,0.121,0.353,2.9,0.233,0.120,2.9,0.256,0.113,2.9,0.273,0.110
24,40,3.5,0.083,0.534,2.9,0.249,0.165,2.9,0.294,0.153,2.9,0.333,0.146
25,40,3.5,0.097,0.456,2.9,0.240,0.145,2.9,0.277,0.135,2.9,0.305,0.130
26,40,3.5,0.109,0.390,2.9,0.231,0.128,2.9,0.259,0.120,2.9,0.280,0.117
27,40,3.5,0.115,0.342,2.9,0.224,0.115,2.9,0.245,0.110,2.9,0.262,0.106
28,40,3.5,0.123,0.281,2.9,0.211,0.099,2.9,0.226,0.095,2.9,0.238,0.093
29,40,3.5,0.077,0.608,2.9,0.263,0.185,2.9,0.319,0.170,2.9,0.363,0.163
30,40,3.5,0.091,0.534,2.9,0.257,0.167,2.9,0.303,0.154,2.9,0.338,0.149
31,40,3.5,0.103,0.471,2.9,0.251,0.151,2.9,0.288,0.141,2.9,0.318,0.135
32,40,3.5,0.112,0.418,2.9,0.246,0.137,2.9,0.274,0.129,2.9,0.298,0.125
33,40,3.5,0.120,0.359,2.9,0.235,0.121,2.9,0.257,0.115,2.9,0.275,0.112
34,40,3.5,0.089,0.479,2.9,0.238,0.150,2.9,0.277,0.139,2.9,0.310,0.134
35,40,3.5,0.102,0.399,2.9,0.226,0.129,2.9,0.256,0.121,2.9,0.279,0.118
36,40,3.5,0.113,0.334,2.9,0.216,0.113,2.9,0.238,0.106,2.9,0.255,0.103
37,40,3.5,0.119,0.289,2.9,0.208,0.101,2.9,0.224,0.096,2.9,0.237,0.094
38,40,3.5,0.126,0.234,2.9,0.197,0.086,2.9,0.206,0.083,2.9,0.215,0.081
39,40,3.5,0.089,0.483,2.9,0.238,0.152,2.9,0.278,0.141,2.9,0.311,0.135
40,40,3.5,0.102,0.414,2.9,0.230,0.134,2.9,0.262,0.125,2.9,0.286,0.121
41,40,3.5,0.110,0.362,2.9,0.223,0.121,2.9,0.248,0.113,2.9,0.267,0.110
42,40,3.5,0.117,0.323,2.9,0.218,0.111,2.9,0.238,0.105,2.9,0.254,0.102
43,40,3.5,0.077,0.592,2.9,0.259,0.181,2.9,0.312,0.167,2.9,0.355,0.160
44,40,3.5,0.091,0.520,2.9,0.255,0.162,2.9,0.298,0.151,2.9,0.333,0.145
45,40,3.5,0.103,0.465,2.9,0.250,0.149,2.9,0.286,0.139,2.9,0.315,0.134
46,40,3.5,0.112,0.415,2.9,0.245,0.136,2.9,0.273,0.128,2.9,0.297,0.123
47,50,3.5,0.050,0.658,2.9,0.256,0.206,2.9,0.319,0.186,2.9,0.370,0.175
48,50,3.5,0.063,0.618,2.9,0.261,0.195,2.9,0.317,0.177,2.9,0.363,0.167
49,50,3.5,0.077,0.579,2.9,0.264,0.185,2.9,0.314,0.169,2.9,0.354,0.160
50,50,3.5,0.087,0.546,2.9,0.266,0.176,2.9,0.311,0.161,2.9,0.347,0.153
51,50,3.5,0.074,0.507,2.9,0.235,0.166,2.9,0.279,0.151,2.9,0.314,0.142
52,50,3.5,0.090,0.448,2.9,0.233,0.150,2.9,0.269,0.137,2.9,0.297,0.130
53,50,3.5,0.102,0.399,2.9,0.231,0.135,2.9,0.259,0.125,2.9,0.282,0.119
54,50,3.5,0.111,0.358,2.9,0.226,0.123,2.9,0.249,0.115,2.9,0.267,0.111
55,50,3.5,0.086,0.450,2.9,0.226,0.150,2.9,0.265,0.136,2.9,0.294,0.129
56,50,3.5,0.098,0.390,2.9,0.222,0.133,2.9,0.250,0.122,2.9,0.273,0.117
57,50,3.5,0.109,0.338,2.9,0.216,0.118,2.9,0.238,0.110,2.9,0.255,0.105
58,50,3.5,0.115,0.301,2.9,0.211,0.106,2.9,0.229,0.101,2.9,0.241,0.097
59,50,3.5,0.074,0.525,2.9,0.240,0.169,2.9,0.286,0.154,2.9,0.322,0.146
60,50,3.5,0.090,0.463,2.9,0.237,0.153,2.9,0.274,0.139,2.9,0.304,0.133
61,50,3.5,0.101,0.411,2.9,0.233,0.138,2.9,0.263,0.128,2.9,0.287,0.122
62,50,3.5,0.110,0.369,2.9,0.229,0.127,2.9,0.254,0.118,2.9,0.273,0.113
63,50,3.5,0.091,0.406,2.9,0.218,0.137,2.9,0.250,0.126,2.9,0.275,0.119
64,50,3.5,0.104,0.343,2.9,0.211,0.119,2.9,0.235,0.110,2.9,0.254,0.105
65,50,3.5,0.113,0.293,2.9,0.205,0.104,2.9,0.221,0.098,2.9,0.235,0.094
66,50,3.5,0.119,0.257,2.9,0.199,0.094,2.9,0.211,0.089,2.9,0.221,0.087
67,50,3.5,0.087,0.405,2.9,0.214,0.135,2.9,0.247,0.123,2.9,0.272,0.118
68,50,3.5,0.099,0.346,2.9,0.208,0.119,2.9,0.233,0.110,2.9,0.251,0.105
69,50,3.5,0.109,0.304,2.9,0.203,0.106,2.9,0.222,0.101,2.9,0.238,0.096
70,50,3.5,0.114,0.273,2.9,0.200,0.098,2.9,0.215,0.093,2.9,0.227,0.089
71,50,3.5,0.074,0.482,2.9,0.226,0.159,2.9,0.269,0.144,2.9,0.302,0.136
72,50,3.5,0.088,0.424,2.9,0.224,0.142,2.9,0.257,0.130,2.9,0.283,0.123
73,50,3.5,0.098,0.381,2.9,0.222,0.129,2.9,0.248,0.120,2.9,0.270,0.114
74,50,3.5,0.109,0.339,2.9,0.217,0.118,2.9,0.239,0.110,2.9,0.257,0.105
75,60,3.4,0.091,0.394,2.8,0.215,0.133,2.8,0.246,0.122,2.8,0.270,0.117
76,60,3.4,0.098,0.376,2.8,0.218,0.127,2.8,0.246,0.118,2.8,0.266,0.113
77,60,3.4,0.105,0.358,2.8,0.219,0.122,2.8,0.243,0.114,2.8,0.263,0.110
78,60,3.4,0.110,0.343,2.8,0.221,0.119,2.8,0.243,0.111,2.8,0.261,0.106
79,60,3.4,0.087,0.296,2.8,0.181,0.104,2.8,0.201,0.096,2.8,0.217,0.091
80,60,3.4,0.093,0.283,2.8,0.183,0.101,2.8,0.201,0.094,2.8,0.216,0.089
81,60,3.4,0.098,0.273,2.8,0.185,0.098,2.8,0.202,0.091,2.8,0.215,0.088
82,60,3.4,0.103,0.263,2.8,0.187,0.095,2.8,0.202,0.089,2.8,0.215,0.086
83,60,3.4,0.088,0.339,2.8,0.193,0.117,2.8,0.219,0.107,2.8,0.240,0.102
84,60,3.4,0.093,0.326,2.8,0.197,0.112,2.8,0.219,0.104,2.8,0.238,0.099
85,60,3.4,0.099,0.311,2.8,0.199,0.109,2.8,0.219,0.101,2.8,0.234,0.097
86,60,3.4,0.105,0.298,2.8,0.201,0.105,2.8,0.219,0.098,2.8,0.233,0.095
87,60,3.4,0.091,0.350,2.8,0.201,0.120,2.8,0.227,0.111,2.8,0.248,0.105
88,60,3.4,0.097,0.334,2.8,0.203,0.115,2.8,0.227,0.106,2.8,0.246,0.102
89,60,3.4,0.103,0.319,2.8,0.206,0.111,2.8,0.226,0.104,2.8,0.242,0.099
90,60,3.4,0.109,0.305,2.8,0.207,0.107,2.8,0.225,0.101,2.8,0.240,0.097
91,60,3.2,0.078,0.282,2.7,0.168,0.097,2.7,0.189,0.090,2.7,0.205,0.086
92,60,3.2,0.083,0.271,2.7,0.170,0.095,2.7,0.189,0.088,2.7,0.203,0.085
93,60,3.2,0.090,0.258,2.7,0.173,0.091,2.7,0.190,0.086,2.7,0.202,0.082
94,60,3.2,0.095,0.248,2.7,0.175,0.089,2.7,0.190,0.083,2.7,0.201,0.081
95,60,3.2,0.083,0.224,2.7,0.154,0.082,2.7,0.168,0.077,2.7,0.179,0.073
96,60,3.2,0.088,0.217,2.7,0.158,0.080,2.7,0.169,0.075,2.7,0.179,0.072
97,60,3.2,0.093,0.209,2.7,0.160,0.078,2.7,0.171,0.073,2.7,0.179,0.071
98,60,3.2,0.097,0.203,2.7,0.162,0.077,2.7,0.173,0.072,2.7,0.181,0.070
99,60,3.2,0.081,0.186,2.7,0.139,0.070,2.7,0.151,0.065,2.7,0.158,0.063
100,60,3.2,0.086,0.182,2.7,0.143,0.069,2.7,0.152,0.065,2.7,0.159,0.063
101,60,3.2,0.090,0.177,2.7,0.146,0.067,2.7,0.154,0.064,2.7,0.160,0.062
102,60,3.2,0.094,0.174,2.7,0.147,0.067,2.7,0.155,0.064,2.7,0.161,0.062
103,60,3.1,0.070,0.135,2.6,0.112,0.053,2.6,0.119,0.049,2.6,0.123,0.048
104,60,3.1,0.074,0.134,2.6,0.117,0.053,2.6,0.121,0.050,2.6,0.127,0.048
105,60,3.1,0.079,0.131,2.6,0.120,0.053,2.6,0.125,0.050,2.6,0.129,0.048
106,60,3.1,0.082,0.130,2.6,0.123,0.053,2.6,0.128,0.050,2.6,0.131,0.049
107,70,3.5,0.070,0.626,2.9,0.265,0.195,2.9,0.322,0.178,2.9,0.369,0.169
108,70,3.5,0.082,0.584,2.9,0.267,0.185,2.9,0.319,0.169,2.9,0.359,0.161
109,70,3.5,0.094,0.546,2.9,0.270,0.175,2.9,0.314,0.161,2.9,0.351,0.153
110,70,3.5,0.103,0.512,2.9,0.272,0.166,2.9,0.310,0.154,2.9,0.342,0.147
111,70,3.5,0.074,0.531,2.9,0.242,0.171,2.9,0.289,0.157,2.9,0.327,0.147
112,70,3.5,0.086,0.497,2.9,0.246,0.162,2.9,0.286,0.149,2.9,0.319,0.141
113,70,3.5,0.096,0.466,2.9,0.247,0.154,2.9,0.283,0.142,2.9,0.312,0.135
114,70,3.5,0.104,0.439,2.9,0.249,0.146,2.9,0.280,0.136,2.9,0.306,0.129
115,80,2.8,0.062,0.667,2.4,0.278,0.207,2.4,0.343,0.190,2.4,0.395,0.182
116,80,2.8,0.074,0.629,2.4,0.282,0.198,2.4,0.341,0.182,2.4,0.387,0.174
117,80,2.7,0.057,0.603,2.3,0.259,0.194,2.3,0.317,0.177,2.3,0.363,0.167
118,80,2.7,0.070,0.571,2.3,0.264,0.186,2.3,0.315,0.170,2.3,0.358,0.161
119,80,2.7,0.081,0.541,2.3,0.267,0.178,2.3,0.314,0.163,2.3,0.351,0.155
120,80,2.7,0.090,0.512,2.3,0.271,0.170,2.3,0.311,0.158,2.3,0.345,0.150
121,80,2.7,0.057,0.591,2.3,0.255,0.192,2.3,0.311,0.175,2.3,0.357,0.165
122,80,2.7,0.070,0.560,2.3,0.261,0.184,2.3,0.311,0.168,2.3,0.352,0.159
123,80,2.7,0.080,0.530,2.3,0.264,0.176,2.3,0.310,0.161,2.3,0.345,0.153
124,80,2.7,0.089,0.504,2.3,0.266,0.169,2.3,0.307,0.155,2.3,0.341,0.147
125,80,2.7,0.054,0.562,2.3,0.243,0.185,2.3,0.297,0.168,2.3,0.339,0.158
126,80,2.7,0.066,0.530,2.3,0.249,0.176,2.3,0.296,0.160,2.3,0.335,0.151
127,80,2.7,0.077,0.501,2.3,0.253,0.168,2.3,0.295,0.153,2.3,0.328,0.145
128,80,2.7,0.085,0.477,2.3,0.255,0.161,2.3,0.293,0.149,2.3,0.323,0.141
129,80,2.7,0.053,0.555,2.3,0.241,0.186,2.3,0.295,0.167,2.3,0.336,0.157
130,80,2.7,0.064,0.527,2.3,0.247,0.177,2.3,0.295,0.160,2.3,0.331,0.151
131,80,2.7,0.075,0.499,2.3,0.251,0.169,2.3,0.293,0.154,2.3,0.327,0.145
132,80,2.7,0.086,0.474,2.3,0.254,0.162,2.3,0.291,0.149,2.3,0.322,0.141
133,80,2.6,0.056,0.419,2.3,0.202,0.147,2.3,0.240,0.131,2.3,0.270,0.122
134,80,2.6,0.066,0.402,2.3,0.208,0.142,2.3,0.242,0.128,2.3,0.267,0.120
135,80,2.6,0.075,0.385,2.3,0.214,0.136,2.3,0.242,0.125,2.3,0.267,0.117
136,80,2.6,0.082,0.371,2.3,0.216,0.133,2.3,0.243,0.121,2.3,0.265,0.114
137,80,2.6,0.057,0.409,2.3,0.199,0.144,2.3,0.235,0.129,2.3,0.264,0.120
138,80,2.6,0.066,0.393,2.3,0.205,0.138,2.3,0.239,0.125,2.3,0.263,0.118
139,80,2.6,0.075,0.377,2.3,0.210,0.134,2.3,0.240,0.121,2.3,0.263,0.114
140,80,2.6,0.082,0.365,2.3,0.215,0.129,2.3,0.241,0.119,2.3,0.262,0.112
141,90,2.8,0.088,0.694,2.4,0.321,0.219,2.4,0.383,0.202,2.4,0.433,0.193
142,90,2.8,0.098,0.651,2.4,0.320,0.209,2.4,0.376,0.193,2.4,0.421,0.185
143,90,2.7,0.081,0.625,2.3,0.296,0.205,2.3,0.351,0.187,2.3,0.395,0.177
144,90,2.7,0.090,0.590,2.3,0.295,0.194,2.3,0.345,0.178,2.3,0.384,0.170
145,90,2.7,0.097,0.555,2.3,0.293,0.185,2.3,0.337,0.170,2.3,0.374,0.162
146,90,2.7,0.104,0.525,2.3,0.291,0.176,2.3,0.330,0.163,2.3,0.363,0.155
147,90,2.7,0.079,0.613,2.3,0.290,0.202,2.3,0.345,0.184,2.3,0.389,0.174
148,90,2.7,0.088,0.578,2.3,0.289,0.192,2.3,0.338,0.176,2.3,0.377,0.167
149,90,2.7,0.095,0.545,2.3,0.288,0.182,2.3,0.331,0.168,2.3,0.366,0.160
150,90,2.7,0.102,0.515,2.3,0.286,0.174,2.3,0.325,0.161,2.3,0.357,0.153
151,90,2.7,0.077,0.585,2.3,0.279,0.198,2.3,0.330,0.179,2.3,0.373,0.168
152,90,2.7,0.087,0.551,2.3,0.279,0.187,2.3,0.326,0.170,2.3,0.362,0.161
153,90,2.7,0.094,0.519,2.3,0.279,0.177,2.3,0.320,0.162,2.3,0.352,0.154
154,90,2.7,0.101,0.490,2.3,0.275,0.169,2.3,0.313,0.155,2.3,0.343,0.147
155,90,2.7,0.067,0.570,2.3,0.264,0.193,2.3,0.317,0.174,2.3,0.358,0.162
156,90,2.7,0.077,0.538,2.3,0.265,0.183,2.3,0.311,0.166,2.3,0.349,0.155
157,90,2.7,0.085,0.507,2.3,0.264,0.174,2.3,0.306,0.158,2.3,0.338,0.150
158,90,2.7,0.091,0.480,2.3,0.264,0.165,2.3,0.301,0.151,2.3,0.330,0.143
159,90,2.6,0.093,0.455,2.3,0.258,0.162,2.3,0.293,0.147,2.3,0.319,0.138
160,90,2.6,0.098,0.433,2.3,0.257,0.155,2.3,0.288,0.142,2.3,0.312,0.134
161,90,2.6,0.102,0.413,2.3,0.255,0.147,2.3,0.282,0.136,2.3,0.305,0.128
162,90,2.6,0.106,0.393,2.3,0.251,0.142,2.3,0.278,0.130,2.3,0.297,0.125
163,90,2.6,0.098,0.451,2.3,0.263,0.162,2.3,0.296,0.147,2.3,0.321,0.139
164,90,2.6,0.103,0.430,2.3,0.262,0.154,2.3,0.291,0.142,2.3,0.314,0.134
165,90,2.6,0.107,0.409,2.3,0.258,0.147,2.3,0.286,0.136,2.3,0.306,0.129
166,90,2.6,0.111,0.391,2.3,0.255,0.142,2.3,0.281,0.130,2.3,0.299,0.125
167,80,2.3,0.059,0.666,2.0,0.282,0.208,2.0,0.347,0.192,2.0,0.402,0.183
168,80,2.3,0.073,0.626,2.0,0.287,0.199,2.0,0.345,0.184,2.0,0.393,0.176
169,80,2.2,0.051,0.560,1.9,0.248,0.186,1.9,0.302,0.169,1.9,0.345,0.159
170,80,2.2,0.064,0.528,1.9,0.251,0.178,1.9,0.299,0.162,1.9,0.338,0.153
171,80,2.2,0.074,0.498,1.9,0.255,0.169,1.9,0.297,0.155,1.9,0.331,0.147
172,80,2.2,0.083,0.473,1.9,0.257,0.162,1.9,0.296,0.150,1.9,0.327,0.142
173,80,2.1,0.051,0.405,1.9,0.198,0.143,1.9,0.235,0.128,1.9,0.263,0.120
174,80,2.1,0.061,0.387,1.9,0.202,0.138,1.9,0.237,0.125,1.9,0.263,0.117
175,80,2.1,0.070,0.371,1.9,0.208,0.133,1.9,0.238,0.121,1.9,0.261,0.114
176,80,2.1,0.077,0.358,1.9,0.211,0.129,1.9,0.239,0.118,1.9,0.259,0.112
177,90,2.3,0.090,0.696,2.0,0.333,0.223,2.0,0.395,0.206,2.0,0.446,0.198
178,90,2.3,0.101,0.654,2.0,0.330,0.213,2.0,0.387,0.197,2.0,0.433,0.189
179,90,2.2,0.079,0.586,1.9,0.289,0.201,1.9,0.342,0.183,1.9,0.384,0.171
180,90,2.2,0.088,0.551,1.9,0.289,0.190,1.9,0.335,0.174,1.9,0.371,0.165
181,90,2.2,0.094,0.519,1.9,0.286,0.181,1.9,0.327,0.166,1.9,0.361,0.157
182,90,2.2,0.098,0.490,1.9,0.282,0.171,1.9,0.320,0.158,1.9,0.350,0.150
183,90,2.1,0.102,0.454,1.9,0.274,0.167,1.9,0.307,0.152,1.9,0.334,0.143
184,90,2.1,0.105,0.431,1.9,0.272,0.158,1.9,0.301,0.145,1.9,0.325,0.137
185,90,2.1,0.109,0.409,1.9,0.266,0.151,1.9,0.294,0.138,1.9,0.315,0.131
186,90,2.1,0.110,0.391,1.9,0.262,0.144,1.9,0.287,0.133,1.9,0.306,0.127
窓の熱貫流率、遮蔽係数（複層ガラス・ブラインド室内側、中空層厚さ12mm）
186
1,20,3.1,0.032,0.859,2.6,0.282,0.248,2.6,0.374,0.226,2.6,0.449,0.216
2,20,3.1,0.050,0.798,2.6,0.290,0.233,2.6,0.371,0.214,2.6,0.437,0.205
3,20,3.1,0.056,0.779,2.6,0.293,0.230,2.6,0.369,0.210,2.6,0.432,0.201
4,20,3.1,0.073,0.728,2.6,0.297,0.218,2.6,0.365,0.201,2.6,0.422,0.192
5,20,3.1,0.086,0.679,2.6,0.299,0.207,2.6,0.360,0.191,2.6,0.409,0.183
6,20,3.1,0.098,0.635,2.6,0.302,0.197,2.6,0.354,0.183,2.6,0.399,0.175
7,20,3.1,0.110,0.593,2.6,0.303,0.187,2.6,0.350,0.174,2.6,0.387,0.168
8,20,3.1,0.121,0.557,2.6,0.304,0.179,2.6,0.346,0.167,2.6,0.379,0.161
9,30,2.0,0.046,0.757,1.8,0.294,0.238,1.8,0.371,0.216,1.8,0.434,0.205
10,30,2.0,0.071,0.679,1.8,0.302,0.217,1.8,0.366,0.199,1.8,0.416,0.190
11,30,2.0,0.079,0.656,1.8,0.303,0.211,1.8,0.363,0.194,1.8,0.411,0.185
12,30,2.0,0.096,0.597,1.8,0.306,0.195,1.8,0.357,0.181,1.8,0.397,0.173
13,30,2.0,0.111,0.539,1.8,0.304,0.182,1.8,0.346,0.168,1.8,0.379,0.161
14,30,2.0,0.122,0.493,1.8,0.302,0.169,1.8,0.336,0.158,1.8,0.365,0.152
15,30,2.0,0.133,0.448,1.8,0.297,0.158,1.8,0.327,0.147,1.8,0.349,0.143
16,30,2.0,0.141,0.410,1.8,0.294,0.147,1.8,0.318,0.139,1.8,0.336,0.135
17,20,3.1,0.063,0.723,2.6,0.283,0.215,2.6,0.353,0.198,2.6,0.409,0.190
18,20,3.1,0.089,0.643,2.6,0.291,0.198,2.6,0.347,0.183,2.6,0.394,0.175
19,40,3.1,0.077,0.602,2.6,0.262,0.184,2.6,0.317,0.169,2.6,0.361,0.162
20,40,3.1,0.091,0.528,2.6,0.257,0.165,2.6,0.301,0.153,2.6,0.336,0.147
21,40,3.1,0.104,0.464,2.6,0.250,0.149,2.6,0.286,0.138,2.6,0.314,0.134
22,40,3.1,0.113,0.413,2.6,0.243,0.136,2.6,0.273,0.127,2.6,0.296,0.123
23,40,3.1,0.121,0.353,2.6,0.233,0.120,2.6,0.256,0.113,2.6,0.273,0.110
24,40,3.1,0.083,0.534,2.6,0.249,0.165,2.6,0.294,0.153,2.6,0.333,0.146
25,40,3.1,0.097,0.456,2.6,0.240,0.145,2.6,0.277,0.135,2.6,0.305,0.130
26,40,3.1,0.109,0.390,2.6,0.231,0.128,2.6,0.259,0.120,2.6,0.280,0.117
27,40,3.1,0.115,0.342,2.6,0.224,0.115,2.6,0.245,0.110,2.6,0.262,0.106
28,40,3.1,0.123,0.281,2.6,0.211,0.099,2.6,0.226,0.095,2.6,0.238,0.093
29,40,3.1,0.077,0.608,2.6,0.263,0.185,2.6,0.319,0.170,2.6,0.363,0.163
30,40,3.1,0.091,0.534,2.6,0.257,0.167,2.6,0.303,0.154,2.6,0.338,0.149
31,40,3.1,0.103,0.471,2.6,0.251,0.151,2.6,0.288,0.141,2.6,0.318,0.135
32,40,3.1,0.112,0.418,2.6,0.246,0.137,2.6,0.274,0.129,2.6,0.298,0.125
33,40,3.1,0.120,0.359,2.6,0.235,0.121,2.6,0.257,0.115,2.6,0.275,0.112
34,40,3.1,0.089,0.479,2.6,0.238,0.150,2.6,0.277,0.139,2.6,0.310,0.134
35,40,3.1,0.102,0.399,2.6,0.226,0.129,2.6,0.256,0.121,2.6,0.279,0.118
36,40,3.1,0.113,0.334,2.6,0.216,0.113,2.6,0.238,0.106,2.6,0.255,0.103
37,40,3.1,0.119,0.289,2.6,0.208,0.101,2.6,0.224,0.096,2.6,0.237,0.094
38,40,3.1,0.126,0.234,2.6,0.197,0.086,2.6,0.206,0.083,2.6,0.215,0.081
39,40,3.1,0.089,0.483,2.6,0.238,0.152,2.6,0.278,0.141,2.6,0.311,0.135
40,40,3.1,0.102,0.414,2.6,0.230,0.134,2.6,0.262,0.125,2.6,0.286,0.121
41,40,3.1,0.110,0.362,2.6,0.223,0.121,2.6,0.248,0.113,2.6,0.267,0.110
42,40,3.1,0.117,0.323,2.6,0.218,0.111,2.6,0.238,0.105,2.6,0.254,0.102
43,40,3.1,0.077,0.592,2.6,0.259,0.181,2.6,0.312,0.167,2.6,0.355,0.160
44,40,3.1,0.091,0.520,2.6,0.255,0.162,2.6,0.298,0.151,2.6,0.333,0.145
45,40,3.1,0.103,0.465,2.6,0.250,0.149,2.6,0.286,0.139,2.6,0.315,0.134
46,40,3.1,0.112,0.415,2.6,0.245,0.136,2.6,0.273,0.128,2.6,0.297,0.123
47,50,3.1,0.050,0.658,2.6,0.256,0.206,2.6,0.319,0.186,2.6,0.370,0.175
48,50,3.1,0.063,0.618,2.6,0.261,0.195,2.6,0.317,0.177,2.6,0.363,0.167
49,50,3.1,0.077,0.579,2.6,0.264,0.185,2.6,0.314,0.169,2.6,0.354,0.160
50,50,3.1,0.087,0.546,2.6,0.266,0.176,2.6,0.311,0.161,2.6,0.347,0.153
51,50,3.1,0.074,0.507,2.6,0.235,0.166,2.6,0.279,0.151,2.6,0.314,0.142
52,50,3.1,0.090,0.448,2.6,0.233,0.150,2.6,0.269,0.137,2.6,0.297,0.130
53,50,3.1,0.102,0.399,2.6,0.231,0.135,2.6,0.259,0.125,2.6,0.282,0.119
54,50,3.1,0.111,0.358,2.6,0.226,0.123,2.6,0.249,0.115,2.6,0.267,0.111
55,50,3.1,0.086,0.450,2.6,0.226,0.150,2.6,0.265,0.136,2.6,0.294,0.129
56,50,3.1,0.098,0.390,2.6,0.222,0.133,2.6,0.250,0.122,2.6,0.273,0.117
57,50,3.1,0.109,0.338,2.6,0.216,0.118,2.6,0.238,0.110,2.6,0.255,0.105
58,50,3.1,0.115,0.301,2.6,0.211,0.106,2.6,0.229,0.101,2.6,0.241,0.097
59,50,3.1,0.074,0.525,2.6,0.240,0.169,2.6,0.286,0.154,2.6,0.322,0.146
60,50,3.1,0.090,0.463,2.6,0.237,0.153,2.6,0.274,0.139,2.6,0.304,0.133
61,50,3.1,0.101,0.411,2.6,0.233,0.138,2.6,0.263,0.128,2.6,0.287,0.122
62,50,3.1,0.110,0.369,2.6,0.229,0.127,2.6,0.254,0.118,2.6,0.273,0.113
63,50,3.1,0.091,0.406,2.6,0.218,0.137,2.6,0.250,0.126,2.6,0.275,0.119
64,50,3.1,0.104,0.343,2.6,0.211,0.119,2.6,0.235,0.110,2.6,0.254,0.105
65,50,3.1,0.113,0.293,2.6,0.205,0.104,2.6,0.221,0.098,2.6,0.235,0.094
66,50,3.1,0.119,0.257,2.6,0.199,0.094,2.6,0.211,0.089,2.6,0.221,0.087
67,50,3.1,0.087,0.405,2.6,0.214,0.135,2.6,0.247,0.123,2.6,0.272,0.118
68,50,3.1,0.099,0.346,2.6,0.208,0.119,2.6,0.233,0.110,2.6,0.251,0.105
69,50,3.1,0.109,0.304,2.6,0.203,0.106,2.6,0.222,0.101,2.6,0.238,0.096
70,50,3.1,0.114,0.273,2.6,0.200,0.098,2.6,0.215,0.093,2.6,0.227,0.089
71,50,3.1,0.074,0.482,2.6,0.226,0.159,2.6,0.269,0.144,2.6,0.302,0.136
72,50,3.1,0.088,0.424,2.6,0.224,0.142,2.6,0.257,0.130,2.6,0.283,0.123
73,50,3.1,0.098,0.381,2.6,0.222,0.129,2.6,0.248,0.120,2.6,0.270,0.114
74,50,3.1,0.109,0.339,2.6,0.217,0.118,2.6,0.239,0.110,2.6,0.257,0.105
75,60,3.0,0.091,0.394,2.5,0.215,0.133,2.5,0.246,0.122,2.5,0.270,0.117
76,60,3.0,0.098,0.376,2.5,0.218,0.127,2.5,0.246,0.118,2.5,0.266,0.113
77,60,3.0,0.105,0.358,2.5,0.219,0.122,2.5,0.243,0.114,2.5,0.263,0.110
78,60,3.0,0.110,0.343,2.5,0.221,0.119,2.5,0.243,0.111,2.5,0.261,0.106
79,60,2.9,0.087,0.296,2.4,0.181,0.104,2.4,0.201,0.096,2.4,0.217,0.091
80,60,2.9,0.093,0.283,2.4,0.183,0.101,2.4,0.201,0.094,2.4,0.216,0.089
81,60,2.9,0.098,0.273,2.4,0.185,0.098,2.4,0.202,0.091,2.4,0.215,0.088
82,60,2.9,0.103,0.263,2.4,0.187,0.095,2.4,0.202,0.089,2.4,0.215,0.086
83,60,2.9,0.088,0.339,2.5,0.193,0.117,2.5,0.219,0.107,2.5,0.240,0.102
84,60,2.9,0.093,0.326,2.5,0.197,0.112,2.5,0.219,0.104,2.5,0.238,0.099
85,60,2.9,0.099,0.311,2.5,0.199,0.109,2.5,0.219,0.101,2.5,0.234,0.097
86,60,2.9,0.105,0.298,2.5,0.201,0.105,2.5,0.219,0.098,2.5,0.233,0.095
87,60,2.9,0.091,0.350,2.5,0.201,0.120,2.5,0.227,0.111,2.5,0.248,0.105
88,60,2.9,0.097,0.334,2.5,0.203,0.115,2.5,0.227,0.106,2.5,0.246,0.102
89,60,2.9,0.103,0.319,2.5,0.206,0.111,2.5,0.226,0.104,2.5,0.242,0.099
90,60,2.9,0.109,0.305,2.5,0.207,0.107,2.5,0.225,0.101,2.5,0.240,0.097
91,60,2.7,0.078,0.282,2.3,0.168,0.097,2.3,0.189,0.090,2.3,0.205,0.086
92,60,2.7,0.083,0.271,2.3,0.170,0.095,2.3,0.189,0.088,2.3,0.203,0.085
93,60,2.7,0.090,0.258,2.3,0.173,0.091,2.3,0.190,0.086,2.3,0.202,0.082
94,60,2.7,0.095,0.248,2.3,0.175,0.089,2.3,0.190,0.083,2.3,0.201,0.081
95,60,2.7,0.083,0.224,2.3,0.154,0.082,2.3,0.168,0.077,2.3,0.179,0.073
96,60,2.7,0.088,0.217,2.3,0.158,0.080,2.3,0.169,0.075,2.3,0.179,0.072
97,60,2.7,0.093,0.209,2.3,0.160,0.078,2.3,0.171,0.073,2.3,0.179,0.071
98,60,2.7,0.097,0.203,2.3,0.162,0.077,2.3,0.173,0.072,2.3,0.181,0.070
99,60,2.7,0.081,0.186,2.3,0.139,0.070,2.3,0.151,0.065,2.3,0.158,0.063
100,60,2.7,0.086,0.182,2.3,0.143,0.069,2.3,0.152,0.065,2.3,0.159,0.063
101,60,2.7,0.090,0.177,2.3,0.146,0.067,2.3,0.154,0.064,2.3,0.160,0.062
102,60,2.7,0.094,0.174,2.3,0.147,0.067,2.3,0.155,0.064,2.3,0.161,0.062
103,60,2.5,0.070,0.135,2.2,0.112,0.053,2.2,0.119,0.049,2.2,0.123,0.048
104,60,2.5,0.074,0.134,2.2,0.117,0.053,2.2,0.121,0.050,2.2,0.127,0.048
105,60,2.5,0.079,0.131,2.2,0.120,0.053,2.2,0.125,0.050,2.2,0.129,0.048
106,60,2.5,0.082,0.130,2.2,0.123,0.053,2.2,0.128,0.050,2.2,0.131,0.049
107,70,3.1,0.070,0.626,2.6,0.265,0.195,2.6,0.322,0.178,2.6,0.369,0.169
108,70,3.1,0.082,0.584,2.6,0.267,0.185,2.6,0.319,0.169,2.6,0.359,0.161
109,70,3.1,0.094,0.546,2.6,0.270,0.175,2.6,0.314,0.161,2.6,0.351,0.153
110,70,3.1,0.103,0.512,2.6,0.272,0.166,2.6,0.310,0.154,2.6,0.342,0.147
111,70,3.1,0.074,0.531,2.6,0.242,0.171,2.6,0.289,0.157,2.6,0.327,0.147
112,70,3.1,0.086,0.497,2.6,0.246,0.162,2.6,0.286,0.149,2.6,0.319,0.141
113,70,3.1,0.096,0.466,2.6,0.247,0.154,2.6,0.283,0.142,2.6,0.312,0.135
114,70,3.1,0.104,0.439,2.6,0.249,0.146,2.6,0.280,0.136,2.6,0.306,0.129
115,80,2.0,0.062,0.667,1.8,0.278,0.207,1.8,0.343,0.190,1.8,0.395,0.182
116,80,2.0,0.074,0.629,1.8,0.282,0.198,1.8,0.341,0.182,1.8,0.387,0.174
117,80,1.9,0.057,0.603,1.7,0.259,0.194,1.7,0.317,0.177,1.7,0.363,0.167
118,80,1.9,0.070,0.571,1.7,0.264,0.186,1.7,0.315,0.170,1.7,0.358,0.161
119,80,1.9,0.081,0.541,1.7,0.267,0.178,1.7,0.314,0.163,1.7,0.351,0.155
120,80,1.9,0.090,0.512,1.7,0.271,0.170,1.7,0.311,0.158,1.7,0.345,0.150
121,80,1.9,0.057,0.591,1.7,0.255,0.192,1.7,0.311,0.175,1.7,0.357,0.165
122,80,1.9,0.070,0.560,1.7,0.261,0.184,1.7,0.311,0.168,1.7,0.352,0.159
123,80,1.9,0.080,0.530,1.7,0.264,0.176,1.7,0.310,0.161,1.7,0.345,0.153
124,80,1.9,0.089,0.504,1.7,0.266,0.169,1.7,0.307,0.155,1.7,0.341,0.147
125,80,1.8,0.054,0.562,1.7,0.243,0.185,1.7,0.297,0.168,1.7,0.339,0.158
126,80,1.8,0.066,0.530,1.7,0.249,0.176,1.7,0.296,0.160,1.7,0.335,0.151
127,80,1.8,0.077,0.501,1.7,0.253,0.168,1.7,0.295,0.153,1.7,0.328,0.145
128,80,1.8,0.085,0.477,1.7,0.255,0.161,1.7,0.293,0.149,1.7,0.323,0.141
129,80,1.9,0.053,0.555,1.7,0.241,0.186,1.7,0.295,0.167,1.7,0.336,0.157
130,80,1.9,0.064,0.527,1.7,0.247,0.177,1.7,0.295,0.160,1.7,0.331,0.151
131,80,1.9,0.075,0.499,1.7,0.251,0.169,1.7,0.293,0.154,1.7,0.327,0.145
132,80,1.9,0.086,0.474,1.7,0.254,0.162,1.7,0.291,0.149,1.7,0.322,0.141
133,80,1.8,0.056,0.419,1.6,0.202,0.147,1.6,0.240,0.131,1.6,0.270,0.122
134,80,1.8,0.066,0.402,1.6,0.208,0.142,1.6,0.242,0.128,1.6,0.267,0.120
135,80,1.8,0.075,0.385,1.6,0.214,0.136,1.6,0.242,0.125,1.6,0.267,0.117
136,80,1.8,0.082,0.371,1.6,0.216,0.133,1.6,0.243,0.121,1.6,0.265,0.114
137,80,1.8,0.057,0.409,1.6,0.199,0.144,1.6,0.235,0.129,1.6,0.264,0.120
138,80,1.8,0.066,0.393,1.6,0.205,0.138,1.6,0.239,0.125,1.6,0.263,0.118
139,80,1.8,0.075,0.377,1.6,0.210,0.134,1.6,0.240,0.121,1.6,0.263,0.114
140,80,1.8,0.082,0.365,1.6,0.215,0.129,1.6,0.241,0.119,1.6,0.262,0.112
141,90,2.0,0.088,0.694,1.8,0.321,0.219,1.8,0.383,0.202,1.8,0.433,0.193
142,90,2.0,0.098,0.651,1.8,0.320,0.209,1.8,0.376,0.193,1.8,0.421,0.185
143,90,1.9,0.081,0.625,1.7,0.296,0.205,1.7,0.351,0.187,1.7,0.395,0.177
144,90,1.9,0.090,0.590,1.7,0.295,0.194,1.7,0.345,0.178,1.7,0.384,0.170
145,90,1.9,0.097,0.555,1.7,0.293,0.185,1.7,0.337,0.170,1.7,0.374,0.162
146,90,1.9,0.104,0.525,1.7,0.291,0.176,1.7,0.330,0.163,1.7,0.363,0.155
147,90,1.9,0.079,0.613,1.7,0.290,0.202,1.7,0.345,0.184,1.7,0.389,0.174
148,90,1.9,0.088,0.578,1.7,0.289,0.192,1.7,0.338,0.176,1.7,0.377,0.167
149,90,1.9,0.095,0.545,1.7,0.288,0.182,1.7,0.331,0.168,1.7,0.366,0.160
150,90,1.9,0.102,0.515,1.7,0.286,0.174,1.7,0.325,0.161,1.7,0.357,0.153
151,90,1.8,0.077,0.585,1.7,0.279,0.198,1.7,0.330,0.179,1.7,0.373,0.168
152,90,1.8,0.087,0.551,1.7,0.279,0.187,1.7,0.326,0.170,1.7,0.362,0.161
153,90,1.8,0.094,0.519,1.7,0.279,0.177,1.7,0.320,0.162,1.7,0.352,0.154
154,90,1.8,0.101,0.490,1.7,0.275,0.169,1.7,0.313,0.155,1.7,0.343,0.147
155,90,1.9,0.067,0.570,1.7,0.264,0.193,1.7,0.317,0.174,1.7,0.358,0.162
156,90,1.9,0.077,0.538,1.7,0.265,0.183,1.7,0.311,0.166,1.7,0.349,0.155
157,90,1.9,0.085,0.507,1.7,0.264,0.174,1.7,0.306,0.158,1.7,0.338,0.150
158,90,1.9,0.091,0.480,1.7,0.264,0.165,1.7,0.301,0.151,1.7,0.330,0.143
159,90,1.8,0.093,0.455,1.6,0.258,0.162,1.6,0.293,0.147,1.6,0.319,0.138
160,90,1.8,0.098,0.433,1.6,0.257,0.155,1.6,0.288,0.142,1.6,0.312,0.134
161,90,1.8,0.102,0.413,1.6,0.255,0.147,1.6,0.282,0.136,1.6,0.305,0.128
162,90,1.8,0.106,0.393,1.6,0.251,0.142,1.6,0.278,0.130,1.6,0.297,0.125
163,90,1.8,0.098,0.451,1.6,0.263,0.162,1.6,0.296,0.147,1.6,0.321,0.139
164,90,1.8,0.103,0.430,1.6,0.262,0.154,1.6,0.291,0.142,1.6,0.314,0.134
165,90,1.8,0.107,0.409,1.6,0.258,0.147,1.6,0.286,0.136,1.6,0.306,0.129
166,90,1.8,0.111,0.391,1.6,0.255,0.142,1.6,0.281,0.130,1.6,0.299,0.125
167,80,1.7,0.059,0.666,1.5,0.282,0.208,1.5,0.347,0.192,1.5,0.402,0.183
168,80,1.7,0.073,0.626,1.5,0.287,0.199,1.5,0.345,0.184,1.5,0.393,0.176
169,80,1.5,0.051,0.560,1.4,0.248,0.186,1.4,0.302,0.169,1.4,0.345,0.159
170,80,1.5,0.064,0.528,1.4,0.251,0.178,1.4,0.299,0.162,1.4,0.338,0.153
171,80,1.5,0.074,0.498,1.4,0.255,0.169,1.4,0.297,0.155,1.4,0.331,0.147
172,80,1.5,0.083,0.473,1.4,0.257,0.162,1.4,0.296,0.150,1.4,0.327,0.142
173,80,1.4,0.051,0.405,1.3,0.198,0.143,1.3,0.235,0.128,1.3,0.263,0.120
174,80,1.4,0.061,0.387,1.3,0.202,0.138,1.3,0.237,0.125,1.3,0.263,0.117
175,80,1.4,0.070,0.371,1.3,0.208,0.133,1.3,0.238,0.121,1.3,0.261,0.114
176,80,1.4,0.077,0.358,1.3,0.211,0.129,1.3,0.239,0.118,1.3,0.259,0.112
177,90,1.7,0.090,0.696,1.5,0.333,0.223,1.5,0.395,0.206,1.5,0.446,0.198
178,90,1.7,0.101,0.654,1.5,0.330,0.213,1.5,0.387,0.197,1.5,0.433,0.189
179,90,1.5,0.079,0.586,1.4,0.289,0.201,1.4,0.342,0.183,1.4,0.384,0.171
180,90,1.5,0.088,0.551,1.4,0.289,0.190,1.4,0.335,0.174,1.4,0.371,0.165
181,90,1.5,0.094,0.519,1.4,0.286,0.181,1.4,0.327,0.166,1.4,0.361,0.157
182,90,1.5,0.098,0.490,1.4,0.282,0.171,1.4,0.320,0.158,1.4,0.350,0.150
183,90,1.4,0.102,0.454,1.3,0.274,0.167,1.3,0.307,0.152,1.3,0.334,0.143
184,90,1.4,0.105,0.431,1.3,0.272,0.158,1.3,0.301,0.145,1.3,0.325,0.137
185,90,1.4,0.109,0.409,1.3,0.266,0.151,1.3,0.294,0.138,1.3,0.315,0.131
186,90,1.4,0.110,0.391,1.3,0.262,0.144,1.3,0.287,0.133,1.3,0.306,0.127
窓の熱貫流率と遮蔽係数（複層ガラス・ブラインド内蔵）
106
1,20,6.3,0.040,0.834,4.5,0.112,0.222,4.5,0.151,0.207,4.5,0.184,0.203
2,20,6.3,0.059,0.774,4.5,0.115,0.213,4.5,0.151,0.200,4.5,0.181,0.198
3,20,6.3,0.065,0.757,4.5,0.115,0.210,4.5,0.151,0.198,4.5,0.179,0.197
4,20,6.3,0.080,0.707,4.5,0.119,0.203,4.5,0.150,0.193,4.5,0.177,0.192
5,20,6.3,0.095,0.659,4.5,0.121,0.197,4.5,0.150,0.187,4.5,0.175,0.187
6,20,6.3,0.106,0.618,4.5,0.123,0.191,4.5,0.150,0.183,4.5,0.173,0.183
7,20,6.3,0.118,0.578,4.5,0.126,0.185,4.5,0.150,0.179,4.5,0.170,0.179
8,20,6.3,0.128,0.544,4.5,0.128,0.182,4.5,0.150,0.176,4.5,0.170,0.176
9,20,6.3,0.070,0.702,4.5,0.117,0.201,4.5,0.146,0.191,4.5,0.174,0.189
10,20,6.3,0.095,0.626,4.5,0.121,0.191,4.5,0.147,0.182,4.5,0.170,0.182
11,40,6.3,0.080,0.584,4.5,0.115,0.182,4.5,0.139,0.171,4.5,0.159,0.169
12,40,6.3,0.094,0.512,4.5,0.117,0.170,4.5,0.135,0.162,4.5,0.152,0.160
13,40,6.3,0.106,0.450,4.5,0.118,0.160,4.5,0.134,0.153,4.5,0.146,0.152
14,40,6.3,0.115,0.401,4.5,0.118,0.152,4.5,0.131,0.146,4.5,0.143,0.145
15,40,6.3,0.125,0.345,4.5,0.118,0.143,4.5,0.127,0.139,4.5,0.136,0.138
16,40,6.3,0.087,0.515,4.5,0.114,0.169,4.5,0.134,0.160,4.5,0.150,0.158
17,40,6.3,0.099,0.441,4.5,0.114,0.157,4.5,0.129,0.150,4.5,0.143,0.147
18,40,6.3,0.110,0.378,4.5,0.114,0.146,4.5,0.126,0.141,4.5,0.136,0.139
19,40,6.3,0.119,0.331,4.5,0.114,0.138,4.5,0.123,0.134,4.5,0.131,0.133
20,40,6.3,0.126,0.275,4.5,0.112,0.129,4.5,0.119,0.126,4.5,0.126,0.125
21,40,6.3,0.080,0.589,4.5,0.115,0.183,4.5,0.139,0.173,4.5,0.159,0.170
22,40,6.3,0.094,0.518,4.5,0.117,0.171,4.5,0.137,0.162,4.5,0.153,0.161
23,40,6.3,0.106,0.457,4.5,0.118,0.161,4.5,0.134,0.154,4.5,0.147,0.153
24,40,6.3,0.115,0.407,4.5,0.118,0.153,4.5,0.131,0.147,4.5,0.143,0.146
25,40,6.3,0.125,0.350,4.5,0.118,0.144,4.5,0.129,0.139,4.5,0.138,0.138
26,40,6.3,0.090,0.462,4.5,0.112,0.159,4.5,0.129,0.151,4.5,0.143,0.149
27,40,6.3,0.103,0.385,4.5,0.111,0.146,4.5,0.125,0.139,4.5,0.134,0.138
28,40,6.3,0.113,0.323,4.5,0.111,0.135,4.5,0.120,0.130,4.5,0.128,0.129
29,40,6.3,0.120,0.280,4.5,0.110,0.128,4.5,0.118,0.125,4.5,0.123,0.123
30,40,6.3,0.127,0.230,4.5,0.110,0.119,4.5,0.114,0.117,4.5,0.118,0.115
31,40,6.3,0.090,0.466,4.5,0.112,0.160,4.5,0.129,0.152,4.5,0.143,0.150
32,40,6.3,0.102,0.400,4.5,0.112,0.149,4.5,0.125,0.143,4.5,0.136,0.141
33,40,6.3,0.111,0.351,4.5,0.112,0.141,4.5,0.122,0.136,4.5,0.133,0.134
34,40,6.3,0.118,0.314,4.5,0.112,0.135,4.5,0.121,0.130,4.5,0.129,0.129
35,40,6.3,0.081,0.573,4.5,0.115,0.179,4.5,0.137,0.170,4.5,0.158,0.167
36,40,6.3,0.095,0.504,4.5,0.117,0.168,4.5,0.135,0.160,4.5,0.151,0.159
37,40,6.3,0.106,0.451,4.5,0.118,0.160,4.5,0.134,0.153,4.5,0.146,0.152
38,40,6.3,0.115,0.403,4.5,0.117,0.153,4.5,0.130,0.147,4.5,0.142,0.146
39,50,6.3,0.056,0.639,4.5,0.103,0.197,4.5,0.131,0.178,4.5,0.154,0.171
40,50,6.3,0.070,0.600,4.5,0.106,0.190,4.5,0.131,0.175,4.5,0.153,0.168
41,50,6.3,0.082,0.563,4.5,0.110,0.184,4.5,0.133,0.170,4.5,0.152,0.165
42,50,6.3,0.093,0.531,4.5,0.111,0.179,4.5,0.133,0.167,4.5,0.151,0.162
43,50,6.3,0.078,0.490,4.5,0.107,0.173,4.5,0.125,0.158,4.5,0.141,0.151
44,50,6.3,0.091,0.434,4.5,0.109,0.163,4.5,0.125,0.151,4.5,0.137,0.145
45,50,6.3,0.104,0.386,4.5,0.112,0.154,4.5,0.122,0.145,4.5,0.134,0.139
46,50,6.3,0.113,0.347,4.5,0.113,0.147,4.5,0.122,0.139,4.5,0.130,0.136
47,50,6.3,0.087,0.434,4.5,0.107,0.161,4.5,0.121,0.150,4.5,0.135,0.143
48,50,6.3,0.099,0.376,4.5,0.109,0.151,4.5,0.121,0.141,4.5,0.130,0.136
49,50,6.3,0.110,0.327,4.5,0.110,0.142,4.5,0.119,0.134,4.5,0.127,0.130
50,50,6.3,0.118,0.291,4.5,0.111,0.135,4.5,0.118,0.129,4.5,0.125,0.126
51,50,6.3,0.078,0.507,4.5,0.107,0.175,4.5,0.126,0.161,4.5,0.143,0.154
52,50,6.3,0.093,0.448,4.5,0.110,0.165,4.5,0.126,0.153,4.5,0.139,0.147
53,50,6.3,0.103,0.399,4.5,0.112,0.157,4.5,0.125,0.146,4.5,0.136,0.142
54,50,6.3,0.112,0.359,4.5,0.113,0.150,4.5,0.125,0.141,4.5,0.134,0.137
55,50,6.3,0.091,0.391,4.5,0.106,0.152,4.5,0.119,0.142,4.5,0.130,0.136
56,50,6.3,0.104,0.330,4.5,0.107,0.141,4.5,0.117,0.133,4.5,0.125,0.128
57,50,6.3,0.113,0.282,4.5,0.107,0.131,4.5,0.114,0.126,4.5,0.120,0.122
58,50,6.3,0.119,0.249,4.5,0.107,0.126,4.5,0.113,0.120,4.5,0.118,0.118
59,50,6.3,0.087,0.390,4.5,0.103,0.150,4.5,0.117,0.138,4.5,0.127,0.134
60,50,6.3,0.099,0.334,4.5,0.104,0.139,4.5,0.115,0.130,4.5,0.122,0.127
61,50,6.3,0.109,0.294,4.5,0.106,0.131,4.5,0.113,0.126,4.5,0.120,0.122
62,50,6.3,0.115,0.265,4.5,0.106,0.127,4.5,0.113,0.121,4.5,0.118,0.119
63,50,6.3,0.077,0.466,4.5,0.104,0.166,4.5,0.121,0.152,4.5,0.135,0.145
64,50,6.3,0.090,0.410,4.5,0.106,0.155,4.5,0.120,0.144,4.5,0.130,0.139
65,50,6.3,0.101,0.369,4.5,0.107,0.149,4.5,0.119,0.139,4.5,0.128,0.135
66,50,6.3,0.110,0.330,4.5,0.109,0.142,4.5,0.119,0.134,4.5,0.126,0.130
67,60,6.0,0.090,0.379,4.4,0.106,0.149,4.4,0.119,0.139,4.4,0.129,0.135
68,60,6.0,0.098,0.362,4.4,0.107,0.147,4.4,0.119,0.138,4.4,0.129,0.134
69,60,6.0,0.105,0.346,4.4,0.110,0.145,4.4,0.120,0.137,4.4,0.129,0.134
70,60,6.0,0.112,0.333,4.4,0.112,0.143,4.4,0.121,0.136,4.4,0.130,0.133
71,60,5.8,0.085,0.282,4.3,0.093,0.125,4.3,0.101,0.117,4.3,0.109,0.112
72,60,5.8,0.090,0.272,4.3,0.095,0.123,4.3,0.103,0.117,4.3,0.110,0.112
73,60,5.8,0.097,0.263,4.3,0.097,0.123,4.3,0.104,0.117,4.3,0.111,0.113
74,60,5.8,0.103,0.254,4.3,0.099,0.122,4.3,0.106,0.117,4.3,0.112,0.113
75,60,6.0,0.086,0.326,4.4,0.097,0.134,4.4,0.109,0.125,4.4,0.117,0.121
76,60,6.0,0.093,0.313,4.4,0.099,0.133,4.4,0.109,0.125,4.4,0.117,0.121
77,60,6.0,0.099,0.299,4.4,0.102,0.131,4.4,0.110,0.125,4.4,0.118,0.121
78,60,6.0,0.106,0.289,4.4,0.104,0.130,4.4,0.112,0.123,4.4,0.119,0.121
79,60,5.9,0.089,0.336,4.3,0.102,0.138,4.3,0.112,0.130,4.3,0.121,0.126
80,60,5.9,0.096,0.321,4.3,0.104,0.136,4.3,0.113,0.129,4.3,0.121,0.126
81,60,5.9,0.103,0.307,4.3,0.105,0.135,4.3,0.114,0.128,4.3,0.121,0.126
82,60,5.9,0.110,0.295,4.3,0.107,0.134,4.3,0.114,0.128,4.3,0.122,0.125
83,60,5.5,0.074,0.270,4.1,0.086,0.115,4.1,0.095,0.109,4.1,0.103,0.106
84,60,5.5,0.081,0.259,4.1,0.089,0.114,4.1,0.097,0.109,4.1,0.104,0.106
85,60,5.5,0.088,0.248,4.1,0.090,0.114,4.1,0.098,0.109,4.1,0.105,0.106
86,60,5.5,0.094,0.239,4.1,0.094,0.113,4.1,0.101,0.109,4.1,0.105,0.107
87,60,5.5,0.079,0.211,4.1,0.083,0.104,4.1,0.088,0.098,4.1,0.094,0.095
88,60,5.5,0.085,0.206,4.1,0.085,0.105,4.1,0.090,0.099,4.1,0.095,0.096
89,60,5.5,0.089,0.200,4.1,0.087,0.105,4.1,0.093,0.099,4.1,0.096,0.097
90,60,5.5,0.095,0.195,4.1,0.090,0.105,4.1,0.095,0.101,4.1,0.098,0.098
91,60,5.5,0.077,0.175,4.1,0.077,0.093,4.1,0.080,0.088,4.1,0.085,0.085
92,60,5.5,0.081,0.171,4.1,0.079,0.094,4.1,0.083,0.089,4.1,0.086,0.087
93,60,5.5,0.087,0.168,4.1,0.081,0.095,4.1,0.086,0.090,4.1,0.088,0.088
94,60,5.5,0.091,0.166,4.1,0.083,0.096,4.1,0.088,0.091,4.1,0.090,0.090
95,60,5.1,0.063,0.125,3.8,0.063,0.073,3.8,0.066,0.070,3.8,0.067,0.069
96,60,5.1,0.070,0.123,3.8,0.066,0.075,3.8,0.069,0.072,3.8,0.071,0.071
97,60,5.1,0.074,0.122,3.8,0.070,0.077,3.8,0.072,0.074,3.8,0.073,0.073
98,60,5.1,0.079,0.122,3.8,0.072,0.079,3.8,0.074,0.077,3.8,0.077,0.075
99,70,6.3,0.074,0.607,4.5,0.112,0.191,4.5,0.137,0.177,4.5,0.158,0.173
100,70,6.3,0.087,0.567,4.5,0.115,0.184,4.5,0.137,0.173,4.5,0.158,0.168
101,70,6.3,0.099,0.530,4.5,0.118,0.178,4.5,0.138,0.168,4.5,0.157,0.165
102,70,6.3,0.109,0.498,4.5,0.121,0.173,4.5,0.138,0.165,4.5,0.154,0.162
103,70,6.3,0.079,0.513,4.5,0.109,0.175,4.5,0.128,0.161,4.5,0.144,0.155
104,70,6.3,0.089,0.482,4.5,0.111,0.169,4.5,0.128,0.158,4.5,0.143,0.153
105,70,6.3,0.099,0.453,4.5,0.113,0.165,4.5,0.129,0.154,4.5,0.142,0.151
106,70,6.3,0.109,0.426,4.5,0.115,0.161,4.5,0.129,0.152,4.5,0.142,0.149
一般窓に対するエアフローウィンドウ（AFW）の遮蔽係数補正値ΔSC
9,8
0,0,2,4,6,8,10,15,20
1,9.999,9.999,9.999,9.999,9.999,9.999,9.999,9.999
1,9.999,9.999,9.999,9.999,9.999,9.999,9.999,9.999
1,9.999,9.999,9.999,9.999,9.999,9.999,9.999,9.999
1,9.999,9.999,9.999,9.999,9.999,9.999,9.999,9.999
2,0.000,-0.034,-0.045,-0.053,-0.057,-0.062,-0.066,-0.072
2,0.000,-0.034,-0.069,-0.080,-0.091,-0.103,-0.126,-0.137
2,0.000,-0.047,-0.080,-0.103,-0.121,-0.135,-0.154,-0.174
2,0.000,-0.057,-0.091,-0.126,-0.149,-0.160,-0.183,-0.206
3,9.999,9.999,9.999,9.999,9.999,9.999,9.999,9.999
3,9.999,9.999,9.999,9.999,9.999,9.999,9.999,9.999
3,9.999,9.999,9.999,9.999,9.999,9.999,9.999,9.999
3,9.999,9.999,9.999,9.999,9.999,9.999,9.999,9.999
4,0.000,-0.034,-0.045,-0.053,-0.057,-0.062,-0.066,-0.072
4,0.000,-0.034,-0.057,-0.080,-0.091,-0.091,-0.114,-0.126
4,0.000,-0.043,-0.072,-0.091,-0.107,-0.119,-0.136,-0.153
4,0.000,-0.046,-0.080,-0.103,-0.126,-0.137,-0.160,-0.183
5,0.000,-0.034,-0.045,-0.053,-0.057,-0.062,-0.066,-0.072
5,0.000,-0.034,-0.057,-0.080,-0.091,-0.091,-0.114,-0.126
5,0.000,-0.043,-0.072,-0.091,-0.107,-0.119,-0.136,-0.153
5,0.000,-0.046,-0.080,-0.103,-0.126,-0.137,-0.160,-0.183
6,0.000,-0.034,-0.045,-0.053,-0.057,-0.062,-0.066,-0.072
6,0.000,-0.035,-0.058,-0.075,-0.087,-0.096,-0.110,-0.122
6,0.000,-0.035,-0.058,-0.075,-0.087,-0.096,-0.110,-0.122
6,0.000,-0.035,-0.058,-0.075,-0.087,-0.096,-0.110,-0.122
7,0.000,-0.034,-0.045,-0.053,-0.057,-0.062,-0.066,-0.072
7,0.000,-0.034,-0.057,-0.080,-0.091,-0.091,-0.114,-0.126
7,0.000,-0.043,-0.072,-0.091,-0.107,-0.119,-0.136,-0.153
7,0.000,-0.046,-0.080,-0.103,-0.126,-0.137,-0.160,-0.183
8,9.999,9.999,9.999,9.999,9.999,9.999,9.999,9.999
8,9.999,9.999,9.999,9.999,9.999,9.999,9.999,9.999
8,9.999,9.999,9.999,9.999,9.999,9.999,9.999,9.999
8,9.999,9.999,9.999,9.999,9.999,9.999,9.999,9.999
9,9.999,9.999,9.999,9.999,9.999,9.999,9.999,9.999
9,9.999,9.999,9.999,9.999,9.999,9.999,9.999,9.999
9,9.999,9.999,9.999,9.999,9.999,9.999,9.999,9.999
9,9.999,9.999,9.999,9.999,9.999,9.999,9.999,9.999
一般窓に対するエアフローウィンドウ（AFW）の熱貫流率補正値ΔU
9,8
0,0,2,4,6,8,10,15,20
1,0.00,-0.43,-0.69,-0.86,-0.98,-1.07,-1.20,-1.32
1,0.00,-0.46,-0.77,-0.98,-1.15,-1.27,-1.46,-1.63
1,0.00,-0.46,-0.77,-0.98,-1.15,-1.27,-1.46,-1.63
1,0.00,-0.46,-0.77,-0.98,-1.15,-1.27,-1.46,-1.63
2,0.00,-0.43,-0.69,-0.86,-0.98,-1.07,-1.20,-1.32
2,0.00,-0.46,-0.77,-0.98,-1.15,-1.27,-1.46,-1.63
2,0.00,-0.46,-0.77,-0.98,-1.15,-1.27,-1.46,-1.63
2,0.00,-0.46,-0.77,-0.98,-1.15,-1.27,-1.46,-1.63
3,0.00,-0.43,-0.69,-0.86,-0.98,-1.07,-1.20,-1.32
3,0.00,-0.46,-0.77,-0.98,-1.15,-1.27,-1.46,-1.63
3,0.00,-0.46,-0.77,-0.98,-1.15,-1.27,-1.46,-1.63
3,0.00,-0.46,-0.77,-0.98,-1.15,-1.27,-1.46,-1.63
4,0.00,-0.43,-0.69,-0.86,-0.98,-1.07,-1.20,-1.32
4,0.00,-0.46,-0.77,-0.98,-1.15,-1.27,-1.46,-1.63
4,0.00,-0.46,-0.77,-0.98,-1.15,-1.27,-1.46,-1.63
4,0.00,-0.46,-0.77,-0.98,-1.15,-1.27,-1.46,-1.63
5,0.00,-0.43,-0.69,-0.86,-0.98,-1.07,-1.20,-1.32
5,0.00,-0.46,-0.77,-0.98,-1.15,-1.27,-1.46,-1.63
5,0.00,-0.46,-0.77,-0.98,-1.15,-1.27,-1.46,-1.63
5,0.00,-0.46,-0.77,-0.98,-1.15,-1.27,-1.46,-1.63
6,0.00,-0.43,-0.69,-0.86,-0.98,-1.07,-1.20,-1.32
6,0.00,-0.46,-0.77,-0.98,-1.15,-1.27,-1.46,-1.63
6,0.00,-0.46,-0.77,-0.98,-1.15,-1.27,-1.46,-1.63
6,0.00,-0.46,-0.77,-0.98,-1.15,-1.27,-1.46,-1.63
7,0.00,-0.43,-0.69,-0.86,-0.98,-1.07,-1.20,-1.32
7,0.00,-0.46,-0.77,-0.98,-1.15,-1.27,-1.46,-1.63
7,0.00,-0.46,-0.77,-0.98,-1.15,-1.27,-1.46,-1.63
7,0.00,-0.46,-0.77,-0.98,-1.15,-1.27,-1.46,-1.63
8,0.00,-0.43,-0.69,-0.86,-0.98,-1.07,-1.20,-1.32
8,0.00,-0.46,-0.77,-0.98,-1.15,-1.27,-1.46,-1.63
8,0.00,-0.46,-0.77,-0.98,-1.15,-1.27,-1.46,-1.63
8,0.00,-0.46,-0.77,-0.98,-1.15,-1.27,-1.46,-1.63
9,0.00,-0.43,-0.69,-0.86,-0.98,-1.07,-1.20,-1.32
9,0.00,-0.46,-0.77,-0.98,-1.15,-1.27,-1.46,-1.63
9,0.00,-0.46,-0.77,-0.98,-1.15,-1.27,-1.46,-1.63
9,0.00,-0.46,-0.77,-0.98,-1.15,-1.27,-1.46,-1.63
一般窓（二重ガラス）に対するプッシュプルウィンドウ（PPW）の遮蔽係数補正値ΔSC（xpull=0)
9,8
0,0,10,15,20,25,30,40,50
1,9.999,9.999,9.999,9.999,9.999,9.999,9.999,9.999
1,9.999,9.999,9.999,9.999,9.999,9.999,9.999,9.999
1,9.999,9.999,9.999,9.999,9.999,9.999,9.999,9.999
1,9.999,9.999,9.999,9.999,9.999,9.999,9.999,9.999
2,0.000,0.000,0.000,0.000,0.000,0.000,0.000,0.000
2,0.000,0.059,0.072,0.080,0.086,0.090,0.096,0.101
2,0.000,0.059,0.072,0.080,0.086,0.090,0.096,0.101
2,0.000,0.059,0.072,0.080,0.086,0.090,0.096,0.101
3,9.999,9.999,9.999,9.999,9.999,9.999,9.999,9.999
3,9.999,9.999,9.999,9.999,9.999,9.999,9.999,9.999
3,9.999,9.999,9.999,9.999,9.999,9.999,9.999,9.999
3,9.999,9.999,9.999,9.999,9.999,9.999,9.999,9.999
4,0.000,0.000,0.000,0.000,0.000,0.000,0.000,0.000
4,0.000,0.049,0.059,0.066,0.072,0.075,0.080,0.083
4,0.000,0.049,0.059,0.066,0.072,0.075,0.080,0.083
4,0.000,0.049,0.059,0.066,0.072,0.075,0.080,0.083
5,0.000,0.000,0.000,0.000,0.000,0.000,0.000,0.000
5,0.000,0.046,0.056,0.062,0.066,0.070,0.074,0.077
5,0.000,0.046,0.056,0.062,0.066,0.070,0.074,0.077
5,0.000,0.046,0.056,0.062,0.066,0.070,0.074,0.077
6,0.000,0.000,0.000,0.000,0.000,0.000,0.000,0.000
6,0.000,0.034,0.041,0.046,0.049,0.051,0.055,0.057
6,0.000,0.034,0.041,0.046,0.049,0.051,0.055,0.057
6,0.000,0.034,0.041,0.046,0.049,0.051,0.055,0.057
7,0.000,0.000,0.000,0.000,0.000,0.000,0.000,0.000
7,0.000,0.049,0.059,0.066,0.072,0.075,0.080,0.083
7,0.000,0.049,0.059,0.066,0.072,0.075,0.080,0.083
7,0.000,0.049,0.059,0.066,0.072,0.075,0.080,0.083
8,0.000,0.000,0.000,0.000,0.000,0.000,0.000,0.000
8,0.000,0.049,0.059,0.066,0.072,0.075,0.080,0.083
8,0.000,0.049,0.059,0.066,0.072,0.075,0.080,0.083
8,0.000,0.049,0.059,0.066,0.072,0.075,0.080,0.083
9,0.000,0.000,0.000,0.000,0.000,0.000,0.000,0.000
9,0.000,0.059,0.072,0.080,0.086,0.090,0.096,0.101
9,0.000,0.059,0.072,0.080,0.086,0.090,0.096,0.101
9,0.000,0.059,0.072,0.080,0.086,0.090,0.096,0.101
一般窓（二重ガラス）に対するプッシュプルウィンドウ（PPW）の熱貫流率補正値ΔU(xpull=0)
9,8
0,0,10,15,20,25,30,40,50
1,9.999,9.999,9.999,9.999,9.999,9.999,9.999,9.999
1,9.999,9.999,9.999,9.999,9.999,9.999,9.999,9.999
1,9.999,9.999,9.999,9.999,9.999,9.999,9.999,9.999
1,9.999,9.999,9.999,9.999,9.999,9.999,9.999,9.999
2,0.000,0.000,0.000,0.000,0.000,0.000,0.000,0.000
2,0.000,0.580,0.700,0.770,0.820,0.850,0.900,0.940
2,0.000,0.580,0.700,0.770,0.820,0.850,0.900,0.940
2,0.000,0.580,0.700,0.770,0.820,0.850,0.900,0.940
3,9.999,9.999,9.999,9.999,9.999,9.999,9.999,9.999
3,9.999,9.999,9.999,9.999,9.999,9.999,9.999,9.999
3,9.999,9.999,9.999,9.999,9.999,9.999,9.999,9.999
3,9.999,9.999,9.999,9.999,9.999,9.999,9.999,9.999
4,0.000,0.000,0.000,0.000,0.000,0.000,0.000,0.000
4,0.000,0.580,0.700,0.770,0.820,0.850,0.900,0.940
4,0.000,0.580,0.700,0.770,0.820,0.850,0.900,0.940
4,0.000,0.580,0.700,0.770,0.820,0.850,0.900,0.940
5,0.000,0.000,0.000,0.000,0.000,0.000,0.000,0.000
5,0.000,0.580,0.700,0.770,0.820,0.850,0.900,0.940
5,0.000,0.580,0.700,0.770,0.820,0.850,0.900,0.940
5,0.000,0.580,0.700,0.770,0.820,0.850,0.900,0.940
6,0.000,0.000,0.000,0.000,0.000,0.000,0.000,0.000
6,0.000,0.510,0.600,0.660,0.710,0.740,0.780,0.810
6,0.000,0.510,0.600,0.660,0.710,0.740,0.780,0.810
6,0.000,0.510,0.600,0.660,0.710,0.740,0.780,0.810
7,0.000,0.000,0.000,0.000,0.000,0.000,0.000,0.000
7,0.000,0.580,0.700,0.770,0.820,0.850,0.900,0.940
7,0.000,0.580,0.700,0.770,0.820,0.850,0.900,0.940
7,0.000,0.580,0.700,0.770,0.820,0.850,0.900,0.940
8,0.000,0.000,0.000,0.000,0.000,0.000,0.000,0.000
8,0.000,0.350,0.420,0.460,0.490,0.510,0.540,0.550
8,0.000,0.350,0.420,0.460,0.490,0.510,0.540,0.550
8,0.000,0.350,0.420,0.460,0.490,0.510,0.540,0.550
9,0.000,0.000,0.000,0.000,0.000,0.000,0.000,0.000
9,0.000,0.350,0.420,0.460,0.490,0.510,0.540,0.550
9,0.000,0.350,0.420,0.460,0.490,0.510,0.540,0.550
9,0.000,0.350,0.420,0.460,0.490,0.510,0.540,0.550
一般窓（二重ガラス）に対するプッシュプルウィンドウ（PPW）の遮蔽係数補正値ΔSC（xpull=1)
9,8
0,0,10,15,20,25,30,40,50
1,9.999,9.999,9.999,9.999,9.999,9.999,9.999,9.999
1,9.999,9.999,9.999,9.999,9.999,9.999,9.999,9.999
1,9.999,9.999,9.999,9.999,9.999,9.999,9.999,9.999
1,9.999,9.999,9.999,9.999,9.999,9.999,9.999,9.999
2,0.000,0.000,0.000,0.000,0.000,0.000,0.000,0.000
2,0.000,-0.137,-0.160,-0.183,-0.194,-0.206,-0.206,-0.217
2,0.000,-0.162,-0.189,-0.205,-0.216,-0.225,-0.237,-0.245
2,0.000,-0.183,-0.206,-0.229,-0.240,-0.251,-0.263,-0.263
3,9.999,9.999,9.999,9.999,9.999,9.999,9.999,9.999
3,9.999,9.999,9.999,9.999,9.999,9.999,9.999,9.999
3,9.999,9.999,9.999,9.999,9.999,9.999,9.999,9.999
3,9.999,9.999,9.999,9.999,9.999,9.999,9.999,9.999
4,0.000,0.000,0.000,0.000,0.000,0.000,0.000,0.000
4,0.000,-0.134,-0.154,-0.168,-0.178,-0.185,-0.195,-0.201
4,0.000,-0.134,-0.154,-0.168,-0.178,-0.185,-0.195,-0.201
4,0.000,-0.134,-0.154,-0.168,-0.178,-0.185,-0.195,-0.201
5,0.000,0.000,0.000,0.000,0.000,0.000,0.000,0.000
5,0.000,-0.123,-0.143,-0.157,-0.165,-0.171,-0.181,-0.186
5,0.000,-0.123,-0.143,-0.157,-0.165,-0.171,-0.181,-0.186
5,0.000,-0.123,-0.143,-0.157,-0.165,-0.171,-0.181,-0.186
6,0.000,0.000,0.000,0.000,0.000,0.000,0.000,0.000
6,0.000,-0.096,-0.112,-0.121,-0.129,-0.134,-0.141,-0.145
6,0.000,-0.096,-0.112,-0.121,-0.129,-0.134,-0.141,-0.145
6,0.000,-0.096,-0.112,-0.121,-0.129,-0.134,-0.141,-0.145
7,0.000,0.000,0.000,0.000,0.000,0.000,0.000,0.000
7,0.000,-0.134,-0.154,-0.168,-0.178,-0.185,-0.195,-0.201
7,0.000,-0.134,-0.154,-0.168,-0.178,-0.185,-0.195,-0.201
7,0.000,-0.134,-0.154,-0.168,-0.178,-0.185,-0.195,-0.201
8,0.000,0.000,0.000,0.000,0.000,0.000,0.000,0.000
8,0.000,-0.134,-0.154,-0.168,-0.178,-0.185,-0.195,-0.201
8,0.000,-0.134,-0.154,-0.168,-0.178,-0.185,-0.195,-0.201
8,0.000,-0.134,-0.154,-0.168,-0.178,-0.185,-0.195,-0.201
9,0.000,0.000,0.000,0.000,0.000,0.000,0.000,0.000
9,0.000,-0.137,-0.160,-0.183,-0.194,-0.206,-0.206,-0.217
9,0.000,-0.162,-0.189,-0.205,-0.216,-0.225,-0.237,-0.245
9,0.000,-0.183,-0.206,-0.229,-0.240,-0.251,-0.263,-0.263
一般窓（二重ガラス）に対するプッシュプルウィンドウ（PPW）の熱貫流率補正値ΔU(xpull=1)
9,8
0,0,10,15,20,25,30,40,50
1,9.999,9.999,9.999,9.999,9.999,9.999,9.999,9.999
1,9.999,9.999,9.999,9.999,9.999,9.999,9.999,9.999
1,9.999,9.999,9.999,9.999,9.999,9.999,9.999,9.999
1,9.999,9.999,9.999,9.999,9.999,9.999,9.999,9.999
2,0.000,0.000,0.000,0.000,0.000,0.000,0.000,0.000
2,0.000,-1.260,-1.470,-1.610,-1.710,-1.780,-1.870,-1.940
2,0.000,-1.260,-1.470,-1.610,-1.710,-1.780,-1.870,-1.940
2,0.000,-1.260,-1.470,-1.610,-1.710,-1.780,-1.870,-1.940
3,9.999,9.999,9.999,9.999,9.999,9.999,9.999,9.999
3,9.999,9.999,9.999,9.999,9.999,9.999,9.999,9.999
3,9.999,9.999,9.999,9.999,9.999,9.999,9.999,9.999
3,9.999,9.999,9.999,9.999,9.999,9.999,9.999,9.999
4,0.000,0.000,0.000,0.000,0.000,0.000,0.000,0.000
4,0.000,-1.260,-1.470,-1.610,-1.710,-1.780,-1.870,-1.940
4,0.000,-1.260,-1.470,-1.610,-1.710,-1.780,-1.870,-1.940
4,0.000,-1.260,-1.470,-1.610,-1.710,-1.780,-1.870,-1.940
5,0.000,0.000,0.000,0.000,0.000,0.000,0.000,0.000
5,0.000,-1.260,-1.470,-1.610,-1.710,-1.780,-1.870,-1.940
5,0.000,-1.260,-1.470,-1.610,-1.710,-1.780,-1.870,-1.940
5,0.000,-1.260,-1.470,-1.610,-1.710,-1.780,-1.870,-1.940
6,0.000,0.000,0.000,0.000,0.000,0.000,0.000,0.000
6,0.000,-1.200,-1.400,-1.530,-1.620,-1.680,-1.770,-1.830
6,0.000,-1.200,-1.400,-1.530,-1.620,-1.680,-1.770,-1.830
6,0.000,-1.200,-1.400,-1.530,-1.620,-1.680,-1.770,-1.830
7,0.000,0.000,0.000,0.000,0.000,0.000,0.000,0.000
7,0.000,-1.260,-1.470,-1.610,-1.710,-1.780,-1.870,-1.940
7,0.000,-1.260,-1.470,-1.610,-1.710,-1.780,-1.870,-1.940
7,0.000,-1.260,-1.470,-1.610,-1.710,-1.780,-1.870,-1.940
8,0.000,0.000,0.000,0.000,0.000,0.000,0.000,0.000
8,0.000,-1.060,-1.220,-1.330,-1.410,-1.460,-1.540,-1.590
8,0.000,-1.060,-1.220,-1.330,-1.410,-1.460,-1.540,-1.590
8,0.000,-1.060,-1.220,-1.330,-1.410,-1.460,-1.540,-1.590
9,0.000,0.000,0.000,0.000,0.000,0.000,0.000,0.000
9,0.000,-1.060,-1.220,-1.330,-1.410,-1.460,-1.540,-1.590
9,0.000,-1.060,-1.220,-1.330,-1.410,-1.460,-1.540,-1.590
9,0.000,-1.060,-1.220,-1.330,-1.410,-1.460,-1.540,-1.590
一般窓・AFWの長波放射成分係数kLR（内側ブラインドなし）
17
10,0.47
11,0.44
12,0.41
13,0.43
14,0.42
15,0.36
16,0.36
17,0.36
18,0.30
20,0.47
30,0.47
40,0.47
50,0.47
60,0.47
70,0.47
80,0.47
90,0.47
内側ブラインドのkLR,およびPPWブラインドにおける放射熱伝達率／総合熱伝達率
0.23,0.33
